x
-1 1
6 0 1
34 0 1
39 0 1
46 0 1
49 0 1
51 0 1
52 0 1
76 0 1
78 0 3
94 0 1
104 0 1
117 0 1
121 0 1
130 0 1
139 0 2
141 0 1
143 0 1
146 0 3
156 0 1
160 0 1
164 0 2
169 0 1
170 0 1
177 0 3
178 0 1
179 0 1
188 0 1
191 0 1
195 0 1
201 0 1
203 0 1
216 0 1
218 0 3
219 0 1
228 0 2
229 0 1
230 0 1
233 0 1
243 0 2
249 0 1
252 0 1
257 0 2
261 0 1
263 0 1
275 0 2
277 0 1
298 0 2
306 0 1
309 0 2
318 0 1
320 0 1
324 0 1
339 0 1
357 0 1
359 0 1
360 0 1
361 0 1
364 0 1
365 0 1
366 0 1
373 0 2
386 0 1
387 0 1
388 0 3
389 0 1
390 0 1
392 0 2
395 0 1
399 0 1
400 0 1
407 0 1
413 0 1
418 0 1
422 0 1
423 0 1
447 0 3
449 0 1
461 0 1
462 0 1
465 0 1
472 0 1
476 0 1
477 0 2
483 0 1
496 0 2
497 0 1
501 0 1
503 0 1
513 0 1
529 0 1
531 0 1
538 0 1
539 0 1
550 0 1
608 0 1
626 0 1
642 0 1
654 0 1
662 0 1
674 0 1
678 0 1
680 0 1
732 0 1
735 0 1
762 0 1
763 0 1
768 0 1
793 0 1
797 0 1
807 0 1
810 0 1
822 0 1
830 0 1
836 0 1
839 0 1
840 0 1
841 0 1
842 0 1
843 0 1
853 0 1
860 0 1
861 0 1
867 0 1
869 0 1
919 0 2
920 0 1
946 0 1
973 0 1
974 0 1
985 0 1
986 0 1
987 0 1
990 0 2
992 0 1
993 0 1
1005 0 2
1009 0 1
1010 0 1
1015 0 1
1016 0 1
1017 0 3
1018 0 1
1019 0 1
1020 0 1
1021 0 2
1022 0 1
1026 0 2
1028 0 1
1033 0 2
1034 0 1
1050 0 3
1062 0 1
1072 0 2
1085 0 1
1105 0 1
1107 0 1
1112 0 1
1113 0 1
1117 0 2
1191 0 1
1215 0 1
1222 0 1
1238 0 1
1239 0 1
1241 0 1
1264 0 1
1281 0 2
1290 0 1
1321 0 1
1322 0 1
1323 0 1
1341 0 1
1343 0 1
1352 0 1
1356 0 1
1357 0 1
1362 0 1
1364 0 1
1378 0 1
1382 0 1
1383 0 1
1384 0 1
1385 0 2
1386 0 1
1387 0 1
1388 0 1
1402 0 1
1461 0 1
1481 0 1
1482 0 1
1492 0 3
1495 0 1
1496 0 1
1514 0 1
1520 0 1
1541 0 1
1580 0 1
1594 0 1
1595 0 1
1596 0 1
1598 0 1
1622 0 1
1635 0 1
1644 0 1
1652 0 1
1655 0 1
1663 0 1
1671 0 1
1674 0 1
1676 0 1
1695 0 1
1700 0 1
1701 0 1
1707 0 1
1709 0 1
1738 0 1
1739 0 2
1742 0 1
1750 0 1
1755 0 1
1763 0 1
1781 0 5
1785 0 1
1786 0 2
1787 0 1
1805 0 1
1830 0 1
1832 0 1
1833 0 1
1836 0 2
1873 0 1
1875 0 1
1885 0 2
1908 0 1
1917 0 1
1921 0 2
1922 0 1
1923 0 1
1924 0 1
1927 0 2
1928 0 1
1929 0 1
1930 0 1
1932 0 1
1940 0 1
1941 0 1
1942 0 1
1952 0 1
1959 0 1
1960 0 1
1982 0 1
1985 0 2
1992 0 1
1993 0 1
1996 0 1
2003 0 1
2005 0 1
2006 0 1
2007 0 1
2012 0 1
2019 0 1
2020 0 1
2022 0 1
2023 0 1
2025 0 1
2032 0 1
2050 0 1
2051 0 1
2065 0 1
2066 0 1
2098 0 1
2104 0 1
2114 0 2
2116 0 1
2148 0 1
2149 0 2
2173 0 1
2270 0 1
2286 0 1
2293 0 1
2294 0 1
2295 0 1
2296 0 1
2299 0 1
2307 0 1
2311 0 1
2313 0 1
2318 0 1
2324 0 2
2325 0 1
2330 0 1
2340 0 1
2341 0 1
2342 0 1
2351 0 1
2356 0 1
2357 0 1
2368 0 1
2370 0 1
2379 0 3
2380 0 2
2383 0 1
2384 0 1
2385 0 1
2388 0 1
2390 0 1
2391 0 1
2427 0 1
2436 0 1
2437 0 1
2438 0 1
2439 0 1
2440 0 1
2471 0 1
2474 0 1
2479 0 1
2481 0 1
2482 0 2
2488 0 2
2493 0 1
2496 0 1
2499 0 1
2500 0 3
2501 0 2
2502 0 1
2503 0 1
2504 0 1
2508 0 1
2509 0 3
2510 0 1
2516 0 1
2518 0 1
2521 0 1
2523 0 1
2527 0 1
2528 0 1
2530 0 1
2531 0 1
2538 0 1
2540 0 1
2547 0 1
2549 0 1
2550 0 1
2558 0 3
2559 0 1
2562 0 1
2563 0 1
2566 0 1
2569 0 1
2571 0 1
2575 0 1
2578 0 1
2580 0 1
2593 0 1
2609 0 1
2617 0 1
2621 0 1
2634 0 1
2635 0 1
2636 0 1
2642 0 1
2643 0 1
2650 0 2
2651 0 1
2655 0 1
2657 0 1
2659 0 1
2660 0 1
2674 0 1
2679 0 1
2680 0 1
2681 0 1
2682 0 1
2686 0 1
2699 0 1
2700 0 1
2701 0 2
2702 0 1
2703 0 1
2713 0 1
2717 0 1
2719 0 1
2720 0 1
2731 0 1
2735 0 1
2738 0 2
2748 0 2
2753 0 1
2755 0 1
2779 0 4
2780 0 3
2781 0 2
2782 0 3
2784 0 1
2787 0 1
2790 0 1
2791 0 1
2799 0 1
2800 0 1
2806 0 1
2816 0 1
2818 0 2
2824 0 1
2850 0 1
2851 0 1
2855 0 1
2856 0 1
2858 0 3
2862 0 1
2864 0 1
2869 0 1
2876 0 1
2877 0 1
2880 0 1
2882 0 1
2888 0 1
2902 0 1
2916 0 1
2928 0 1
